name: politieoostbrabant
channels:
  - conda-forge
  - defaults
dependencies:
  - asttokens=2.4.0=pyhd8ed1ab_0
  - backcall=0.2.0=pyh9f0ad1d_0
  - backports=1.0=pyhd8ed1ab_3
  - backports.functools_lru_cache=1.6.5=pyhd8ed1ab_0
  - bzip2=1.0.8=h8ffe710_4
  - ca-certificates=2023.7.22=h56e8100_0
  - colorama=0.4.6=pyhd8ed1ab_0
  - comm=0.1.4=pyhd8ed1ab_0
  - debugpy=1.8.0=py311h12c1d0e_1
  - decorator=5.1.1=pyhd8ed1ab_0
  - exceptiongroup=1.1.3=pyhd8ed1ab_0
  - executing=1.2.0=pyhd8ed1ab_0
  - importlib-metadata=6.8.0=pyha770c72_0
  - importlib_metadata=6.8.0=hd8ed1ab_0
  - ipykernel=6.25.2=pyh60829e3_0
  - ipython=8.15.0=pyh5737063_0
  - jedi=0.19.0=pyhd8ed1ab_0
  - jupyter_client=8.3.1=pyhd8ed1ab_0
  - jupyter_core=5.3.1=py311h1ea47a8_0
  - libexpat=2.5.0=h63175ca_1
  - libffi=3.4.2=h8ffe710_5
  - libsodium=1.0.18=h8d14728_1
  - libsqlite=3.43.0=hcfcfb64_0
  - libzlib=1.2.13=hcfcfb64_5
  - matplotlib-inline=0.1.6=pyhd8ed1ab_0
  - nest-asyncio=1.5.6=pyhd8ed1ab_0
  - openssl=3.1.3=hcfcfb64_0
  - packaging=23.1=pyhd8ed1ab_0
  - parso=0.8.3=pyhd8ed1ab_0
  - pickleshare=0.7.5=py_1003
  - pip=23.2.1=pyhd8ed1ab_0
  - platformdirs=3.10.0=pyhd8ed1ab_0
  - prompt-toolkit=3.0.39=pyha770c72_0
  - prompt_toolkit=3.0.39=hd8ed1ab_0
  - psutil=5.9.5=py311ha68e1ae_1
  - pure_eval=0.2.2=pyhd8ed1ab_0
  - pygments=2.16.1=pyhd8ed1ab_0
  - python=3.11.5=h2628c8c_0_cpython
  - python-dateutil=2.8.2=pyhd8ed1ab_0
  - python_abi=3.11=4_cp311
  - pywin32=306=py311h12c1d0e_0
  - pyzmq=25.1.1=py311h7b3f143_1
  - setuptools=68.2.2=pyhd8ed1ab_0
  - six=1.16.0=pyh6c4a22f_0
  - stack_data=0.6.2=pyhd8ed1ab_0
  - tk=8.6.13=hcfcfb64_0
  - tornado=6.3.3=py311ha68e1ae_1
  - traitlets=5.10.0=pyhd8ed1ab_0
  - typing-extensions=4.8.0=hd8ed1ab_0
  - typing_extensions=4.8.0=pyha770c72_0
  - ucrt=10.0.22621.0=h57928b3_0
  - vc=14.3=h64f974e_17
  - vc14_runtime=14.36.32532=hdcecf7f_17
  - vs2015_runtime=14.36.32532=h05e6639_17
  - wcwidth=0.2.6=pyhd8ed1ab_0
  - wheel=0.41.2=pyhd8ed1ab_0
  - xz=5.2.6=h8d14728_0
  - zeromq=4.3.4=h0e60522_1
  - zipp=3.17.0=pyhd8ed1ab_0
  - pip:
      - ansi2html==1.8.0
      - certifi==2023.7.22
      - charset-normalizer==3.2.0
      - click==8.1.7
      - contourpy==1.1.1
      - cycler==0.11.0
      - dash==2.13.0
      - dash-bootstrap-components==1.5.0
      - dash-core-components==2.0.0
      - dash-html-components==2.0.0
      - dash-table==5.0.0
      - et-xmlfile==1.1.0
      - flask==2.2.5
      - fonttools==4.42.1
      - haversine==2.8.0
      - idna==3.4
      - itsdangerous==2.1.2
      - jinja2==3.1.2
      - joblib==1.3.2
      - kiwisolver==1.4.5
      - markupsafe==2.1.3
      - matplotlib==3.8.0
      - numpy==1.26.0
      - openpyxl==3.1.2
      - pandas==2.1.1
      - pillow==10.0.1
      - plotly==5.17.0
      - pyparsing==3.1.1
      - pytz==2023.3.post1
      - requests==2.31.0
      - retrying==1.3.4
      - scikit-learn==1.3.1
      - scipy==1.11.2
      - seaborn==0.12.2
      - sklearn==0.0.post9
      - tenacity==8.2.3
      - threadpoolctl==3.2.0
      - tqdm==4.66.1
      - tzdata==2023.3
      - urllib3==2.0.5
      - werkzeug==2.2.3
prefix: C:\Users\Sander\anaconda3\envs\politieoostbrabant
